9.858043193817138672e-01
9.780352115631103516e-01
9.709018468856811523e-01
9.635035991668701172e-01
9.549001455307006836e-01
9.446983933448791504e-01
9.329513311386108398e-01
9.189832806587219238e-01
9.024957418441772461e-01
8.843573927879333496e-01
8.640307188034057617e-01
8.404704332351684570e-01
8.120293617248535156e-01
7.789334058761596680e-01
7.417821288108825684e-01
6.986003518104553223e-01
6.489803791046142578e-01
5.934334993362426758e-01
5.314162969589233398e-01
4.632285535335540771e-01
3.908950090408325195e-01
3.189383447170257568e-01
2.534617781639099121e-01
2.020549178123474121e-01
1.715165525674819946e-01
1.607134640216827393e-01
1.594982892274856567e-01
1.588865369558334351e-01
1.551039367914199829e-01
1.468992829322814941e-01
1.347303986549377441e-01
1.209931448101997375e-01
1.086493581533432007e-01
9.972378611564636230e-02
9.491926431655883789e-02
9.367274492979049683e-02
9.452567994594573975e-02
9.585130214691162109e-02
9.629353135824203491e-02
9.490849077701568604e-02
9.132416546344757080e-02
8.577296882867813110e-02
7.895502448081970215e-02
7.187452167272567749e-02
6.568522751331329346e-02
6.137935817241668701e-02
5.948980152606964111e-02
5.981793254613876343e-02
6.135315448045730591e-02
6.273300200700759888e-02
6.288370490074157715e-02
6.213216111063957214e-02
6.066264212131500244e-02
5.875617265701293945e-02
5.673658102750778198e-02
5.488941445946693420e-02
5.340906605124473572e-02
5.238356813788414001e-02
5.180263891816139221e-02
5.158529058098793030e-02
5.160812661051750183e-02
5.173652246594429016e-02
5.184908956289291382e-02
5.185534060001373291e-02
5.170577391982078552e-02
5.139217153191566467e-02
5.094006657600402832e-02
5.039834603667259216e-02
4.982604458928108215e-02
4.927948117256164551e-02
4.880136996507644653e-02
4.841244965791702271e-02
4.811267927289009094e-02
4.788422584533691406e-02
4.769925400614738464e-02
4.752799123525619507e-02
4.734738171100616455e-02
4.714510589838027954e-02
4.692109674215316772e-02
4.668493568897247314e-02
4.645151644945144653e-02
4.623548686504364014e-02
4.604568704962730408e-02
4.588127508759498596e-02
4.573577642440795898e-02
4.559795185923576355e-02
4.545425623655319214e-02
4.529445990920066833e-02
4.511865600943565369e-02
4.493203759193420410e-02
4.474425688385963440e-02
4.456395283341407776e-02
4.439616203308105469e-02
4.424100741744041443e-02
4.409404471516609192e-02
4.394882172346115112e-02
4.380082339048385620e-02
4.364893585443496704e-02
4.349486902356147766e-02
4.334057494997978210e-02
4.318823292851448059e-02
4.311238229274749756e-02
4.303586483001708984e-02
4.295844212174415588e-02
4.288005456328392029e-02
4.280086234211921692e-02
4.272120073437690735e-02
4.264146462082862854e-02
4.256203770637512207e-02
4.248290881514549255e-02
4.240399226546287537e-02
4.232505336403846741e-02
4.224583879113197327e-02
4.216623678803443909e-02
4.208622127771377563e-02
4.200589656829833984e-02
4.192531108856201172e-02
4.184457659721374512e-02
4.176376760005950928e-02
4.168283566832542419e-02
4.160164669156074524e-02
4.152011498808860779e-02
4.143812879920005798e-02
4.135565459728240967e-02
4.127269983291625977e-02
4.118932783603668213e-02
4.110561311244964600e-02
4.102157801389694214e-02
4.093723371624946594e-02
4.085253924131393433e-02
4.076744243502616882e-02
4.068195074796676636e-02
4.059612005949020386e-02
4.050994664430618286e-02
4.042338952422142029e-02
4.033643007278442383e-02
4.024906456470489502e-02
4.016125574707984924e-02
4.007291793823242188e-02
3.998390212655067444e-02
3.989398851990699768e-02
3.980309516191482544e-02
3.971112892031669617e-02
3.961797803640365601e-02
3.952268883585929871e-02
3.942432254552841187e-02
3.932220116257667542e-02
3.921781480312347412e-02
3.911681845784187317e-02
3.901680931448936462e-02
3.891766071319580078e-02
3.886827826499938965e-02
3.881873562932014465e-02
3.876901045441627502e-02
3.871915116906166077e-02
3.866921737790107727e-02
3.861925750970840454e-02
3.856932744383811951e-02
3.851941227912902832e-02
3.846948966383934021e-02
3.841951861977577209e-02
3.836942836642265320e-02
3.831911459565162659e-02
3.826860710978507996e-02
3.821802139282226562e-02
3.816752880811691284e-02
3.811718150973320007e-02
3.806675970554351807e-02
3.801623359322547913e-02
3.796560317277908325e-02
3.791485726833343506e-02
3.786406293511390686e-02
3.781323507428169250e-02
3.776232898235321045e-02
3.771134838461875916e-02
3.766028583049774170e-02
3.760916367173194885e-02
3.755798935890197754e-02
3.750672563910484314e-02
3.745536133646965027e-02
3.740391135215759277e-02
3.735237196087837219e-02
3.730074316263198853e-02
3.724903985857963562e-02
3.719728440046310425e-02
3.714546561241149902e-02
3.709360584616661072e-02
3.704169020056724548e-02
3.698974102735519409e-02
3.693775460124015808e-02
3.688573464751243591e-02
3.683369234204292297e-02
3.678163141012191772e-02
3.672956675291061401e-02
3.667749091982841492e-02
3.662542626261711121e-02
3.657334297895431519e-02
3.652125969529151917e-02
3.646918758749961853e-02
3.641714528203010559e-02
3.636514022946357727e-02
3.633915632963180542e-02
3.631321340799331665e-02
3.628730401396751404e-02
3.626143559813499451e-02
3.623559698462486267e-02
3.620981425046920776e-02
3.618406876921653748e-02
3.615836799144744873e-02
3.613271191716194153e-02
3.610711544752120972e-02
3.608155995607376099e-02
3.605605661869049072e-02
3.603059053421020508e-02
3.600517660379409790e-02
3.597980365157127380e-02
3.595447912812232971e-02
3.592919930815696716e-02
3.590397164225578308e-02
3.587878122925758362e-02
3.585363924503326416e-02
3.582854196429252625e-02
3.580349683761596680e-02
3.577850013971328735e-02
3.575354442000389099e-02
3.572863712906837463e-02
3.570377454161643982e-02
3.567896038293838501e-02
3.565419465303421021e-02
3.562946617603302002e-02
3.560479357838630676e-02
3.558016568422317505e-02
3.555557504296302795e-02
3.553102910518646240e-02
3.550652787089347839e-02
3.548206388950347900e-02
3.545764088630676270e-02
3.543326258659362793e-02
3.540892526507377625e-02
3.538463264703750610e-02
3.536037728190422058e-02
3.533616662025451660e-02
3.531200066208839417e-02
3.528787940740585327e-02
3.526379168033599854e-02
3.523974120616912842e-02
3.521573543548583984e-02
3.519177064299583435e-02
3.516784682869911194e-02
3.514396771788597107e-02
3.512012213468551636e-02
3.510822355747222900e-02
3.509634360671043396e-02
3.508448228240013123e-02
3.507264703512191772e-02
3.506081923842430115e-02
3.504902124404907227e-02
3.503723442554473877e-02
3.502546995878219604e-02
3.501372411847114563e-02
3.500199690461158752e-02
3.499028831720352173e-02
3.497860208153724670e-02
3.496692329645156860e-02
3.495526313781738281e-02
3.494362160563468933e-02
3.493199869990348816e-02
3.492039069533348083e-02
3.490879759192466736e-02
3.489722684025764465e-02
3.488566353917121887e-02
3.487411886453628540e-02
3.486259281635284424e-02
3.485108166933059692e-02
3.483958169817924500e-02
3.482809662818908691e-02
3.481663390994071960e-02
3.480517491698265076e-02
3.479373827576637268e-02
3.478231653571128845e-02
3.477090969681739807e-02
3.475951775908470154e-02
3.474813327193260193e-02
3.473677486181259155e-02
3.472542017698287964e-02
3.471408411860466003e-02
3.470275178551673889e-02
3.469144180417060852e-02
3.468013927340507507e-02
3.466884419322013855e-02
3.465757519006729126e-02
3.464630246162414551e-02
3.463505581021308899e-02
3.462381660938262939e-02
3.461259603500366211e-02
3.460139036178588867e-02
3.459019586443901062e-02
3.457901999354362488e-02
3.456785157322883606e-02
3.455669805407524109e-02
