8.604435039603192115e-01
1.409649605984273080e-01
1.443139721801423546e-02
2.141486263692217104e-03
8.743004316626036120e-04
5.212316881743786316e-04
4.240475169828404763e-04
3.575643590327514396e-04
3.302180633434782645e-04
3.159129308820094492e-04
6.113633204696942601e-04
4.105278159208272074e-04
2.358471727980624734e-04
2.298759487609419521e-04
2.099721193941228993e-04
2.731478731299790763e-04
3.269903042920581696e-04
2.134119352811704570e-04
1.984881123264684672e-04
6.098052551311885757e-04
2.444673844603011625e-04
1.499436168713778558e-04
1.464183480256115507e-04
2.235729416893066177e-04
3.516444912352396836e-04
2.084254826869532166e-04
1.403898001982547042e-04
1.551174133530129498e-04
5.935638328082859516e-04
2.377253442081501196e-04
1.247793372148526321e-04
1.068394362253298908e-04
1.055066082778427299e-04
2.295856747482700935e-04
1.347904497221031196e-04
1.459914334270212349e-04
7.299705887461365112e-04
1.309332516899777937e-04
9.264713678377397329e-05
8.485836461540716851e-05
8.424824646562743152e-05
7.962940182314132218e-05
1.687464812320009174e-04
1.430322122557655578e-04
1.842556859786703282e-04
7.891294934898209607e-05
3.010423891322241735e-04
2.056906213629585811e-04
8.088397937725581258e-05
1.039573338778648976e-04
7.209321088537208795e-05
6.986188616239182622e-05
6.924978768675710196e-05
6.798713176344197936e-05
6.773024379862877691e-05
6.767892994938175374e-05
6.687084169243462384e-05
6.721224623185622716e-05
6.666784057692301221e-05
6.706858434684008301e-05
6.606089933167980652e-05
6.597167964133879531e-05
6.499298773554113484e-05
6.508037435908235551e-05
6.424927430445045203e-05
6.461273622572544153e-05
6.370586355763447261e-05
6.353748303018105065e-05
6.256248493825651764e-05
6.294240902997958625e-05
6.268347541386584990e-05
6.358316686996461433e-05
6.260005402905137819e-05
6.269918752798770345e-05
6.176561177910670579e-05
6.260791095606374793e-05
6.222072482594977313e-05
6.107270224753807509e-05
6.211203372399525327e-05
6.151950535992079926e-05
6.156914621343553037e-05
6.291846037366549606e-05
6.327957959476169950e-05
6.659282608661274577e-05
6.143361410384228785e-05
6.099941168466340000e-05
7.590532850767688436e-05
7.874540824559517205e-05
6.054940509468155328e-05
6.105462924334342713e-05
6.294803049810150219e-05
1.351574479169516103e-04
9.789055247497542220e-05
6.326586172571811045e-05
6.082426957816452524e-05
6.192006216936178447e-05
6.495637717307545245e-05
9.082138421945273876e-05
7.310313721182350850e-05
8.633484226859012287e-05
7.222243916855759977e-05
6.009600126518584759e-05
5.943327746733658752e-05
5.796454238209306457e-05
5.786890292454146585e-05
5.914834717101336291e-05
5.864143705643389389e-05
5.818988337642108617e-05
5.866326999081217518e-05
5.948655281985259781e-05
5.816331300277101222e-05
5.700293980265522015e-05
5.750557371040644470e-05
5.744598788821705422e-05
5.777488426563491699e-05
5.725810115109197795e-05
5.670574746150320786e-05
5.768802578171269607e-05
5.826019886349651948e-05
5.779006428581298134e-05
5.796428361107878416e-05
5.783929990012320134e-05
5.701668645918329037e-05
5.765481166789591342e-05
5.799811143610302374e-05
5.804165329723416286e-05
5.651710655555412203e-05
5.732032482426249227e-05
5.773028786516869816e-05
5.708857798194715363e-05
5.747029891885492965e-05
5.755443856722432369e-05
5.780893527275032530e-05
5.808982614721374196e-05
5.829927850636126878e-05
5.829982625943122792e-05
5.687182151039292690e-05
5.771936459654092023e-05
5.733894115268333981e-05
5.806598299228505066e-05
5.809604092222719619e-05
5.979421937650919726e-05
5.961078062208126479e-05
5.782493921604169187e-05
5.777215087816686174e-05
5.766889618193406626e-05
5.884186042670120275e-05
5.833925198480162784e-05
5.927187410871619734e-05
5.771913398031914953e-05
5.769706315376147657e-05
5.662146498292239022e-05
5.619254965416115499e-05
5.648389528885119400e-05
5.727903756095379620e-05
5.643699842039495707e-05
5.637027440926708252e-05
5.761684429750818038e-05
5.695329214770185176e-05
5.695265138891282672e-05
5.758173511307889206e-05
5.706067025565299386e-05
5.703886863952705247e-05
5.703695031748477355e-05
5.688638433955771502e-05
5.669804775844449553e-05
5.634256376652047038e-05
5.675341146896876424e-05
5.634426808050509557e-05
5.652374523418509972e-05
5.655548565023902789e-05
5.622728286138938350e-05
5.712695312230726329e-05
5.825454465356533971e-05
5.692781380038587001e-05
5.651799801853485405e-05
5.746388880019683406e-05
5.698575826144129067e-05
5.672204845367282658e-05
5.601134778218060703e-05
5.663244424478920523e-05
5.675387586487214261e-05
5.662837698448287669e-05
5.683427614554681649e-05
5.783434782010179028e-05
5.614511673743633944e-05
5.671927884458968821e-05
5.694173792701052848e-05
5.670293419667438438e-05
5.629893617562787953e-05
5.661001484005954868e-05
5.690111767920746634e-05
5.741236600442789495e-05
5.804572451186528083e-05
5.748236878349891293e-05
5.747156572634475681e-05
5.699366865092483876e-05
5.708372238745062778e-05
5.703273753802616135e-05
5.648535411835283777e-05
5.616968986072132003e-05
5.751857110147324181e-05
5.652641297986163953e-05
5.665362408288511628e-05
5.571448459902413926e-05
5.639980071978440898e-05
5.661179476073416355e-05
5.613564660408250958e-05
5.674860221915878356e-05
5.775163172865691068e-05
5.674884343297099319e-05
5.683456655115941915e-05
5.703587458296881599e-05
5.674409207447593686e-05
5.705222903760959950e-05
5.605459718145025489e-05
5.606700395456636700e-05
5.663886227209687969e-05
5.612680362664041665e-05
5.704228359441597000e-05
5.618149889810213429e-05
5.662364966828254607e-05
5.639203062974443254e-05
5.645250617501164201e-05
5.615777658733903625e-05
5.648039270612492392e-05
5.672099960856544259e-05
5.659637447578184336e-05
5.652507309644968819e-05
5.770765884612362846e-05
5.734605197769428018e-05
5.711730804962470391e-05
5.645937784245926136e-05
5.677504494720462695e-05
5.636188681186784073e-05
5.652904118229027823e-05
5.674231294466628123e-05
5.640484248389206797e-05
5.694320165987490871e-05
5.691734132478418233e-05
5.675764402005133039e-05
5.692089215027289841e-05
5.655783325378054363e-05
5.734402404176881161e-05
5.856359854553137725e-05
5.773700689567941421e-05
5.665310258653176602e-05
5.660456641319046143e-05
5.588647811395197341e-05
5.673360299071013898e-05
5.546189024006826428e-05
5.640280410854915503e-05
5.636289816997621223e-05
5.587222467115877586e-05
5.719904394304055735e-05
5.647804004104767716e-05
5.645542873737766602e-05
5.587509535278355357e-05
5.628279430548781905e-05
5.661494572490008187e-05
5.623525224939879752e-05
5.522129868040792644e-05
5.509984966129591284e-05
5.627633926570010898e-05
5.635444667068836806e-05
5.514155750658930084e-05
5.497468072976714390e-05
5.539268765816181869e-05
5.501897533616536867e-05
5.599338470821511751e-05
5.529468636149945142e-05
5.546736397461601338e-05
5.574554218227326899e-05
5.563644726467116195e-05
5.506388808261481670e-05
5.512678193475079513e-05
5.522985504838921159e-05
5.464381066975993660e-05
5.536666709383058571e-05
5.463048095723775801e-05
5.585744055797872660e-05
5.572381269303150475e-05
5.569324987490013271e-05
5.521795521971121460e-05
5.513281686707278338e-05
5.554413386878719207e-05
5.514304797068926686e-05
5.467407422459117332e-05
5.456608011192419386e-05
5.544319213621075446e-05
5.525465973693391669e-05
5.563133590444719809e-05
5.488921021384632576e-05
5.558582890206826475e-05
5.507248525922793910e-05
5.487440126750658476e-05
5.531584706066337999e-05
5.608686969144796548e-05
5.480007261528795239e-05
5.521528731586168701e-05
