1.194673627614974976e+00
1.118652403354644775e+00
8.706614673137664795e-01
1.089515447616577148e+00
8.280088007450103760e-01
9.071506261825561523e-01
7.967061102390289307e-01
8.207453191280364990e-01
7.258343994617462158e-01
7.938377857208251953e-01
6.718049049377441406e-01
4.844238907098770142e-01
4.257624447345733643e-01
2.798419892787933350e-01
1.503033004701137543e-01
1.501579955220222473e-01
1.495252847671508789e-01
1.315691284835338593e-01
8.320528268814086914e-02
5.057567358016967773e-02
4.990591853857040405e-02
6.197897344827651978e-02
5.964314937591552734e-02
6.617794744670391083e-02
3.893491905182600021e-02
3.649932332336902618e-02
3.301474265754222870e-02
2.303542010486125946e-02
2.050764113664627075e-02
1.513656973838806152e-02
1.426792051643133163e-02
1.301145274192094803e-02
1.006727572530508041e-02
6.859003566205501556e-03
5.594040034338831902e-03
4.266738658770918846e-03
3.365555079653859138e-03
2.483146497979760170e-03
2.103221311699599028e-03
1.866985228843986988e-03
1.239464821992442012e-03
1.732289907522499561e-03
1.240560435689985752e-03
1.103233691537752748e-03
1.079586916603147984e-03
9.860627760645002127e-04
8.953687793109565973e-04
6.833951192675158381e-04
1.043917960487306118e-03
8.744118676986545324e-04
1.058202906278893352e-03
9.904138278216123581e-04
6.610761047340929508e-04
6.639608764089643955e-04
5.936021625529974699e-04
6.401201244443655014e-04
5.521144194062799215e-04
5.646132631227374077e-04
7.752251112833619118e-04
6.401364516932517290e-04
6.421287835109978914e-04
5.986051110085099936e-04
5.196544225327670574e-04
5.836016207467764616e-04
5.538283439818769693e-04
5.249159294180572033e-04
4.992545873392373323e-04
4.663170693675056100e-04
4.948990244884043932e-04
4.964305699104443192e-04
5.799698992632329464e-04
5.175205878913402557e-04
5.252280097920447588e-04
5.086057935841381550e-04
4.958654753863811493e-04
5.620068841380998492e-04
5.120663408888503909e-04
4.468463157536461949e-04
4.240880225552245975e-04
4.452965513337403536e-04
4.568250296870246530e-04
3.492754622129723430e-04
4.210975166643038392e-04
4.996156349079683423e-04
4.970492736902087927e-04
3.317744631203822792e-04
4.068675334565341473e-04
3.866302286041900516e-04
3.797225945163518190e-04
3.740851389011368155e-04
4.097818455193191767e-04
4.926744004478678107e-04
4.805059725185856223e-04
4.356497811386361718e-04
4.111011512577533722e-04
4.019065963802859187e-04
5.005209532100707293e-04
4.324439069023355842e-04
3.714036429300904274e-04
4.438860196387395263e-04
3.699182561831548810e-04
3.463747561909258366e-04
4.486234684009104967e-04
3.537120355758816004e-04
3.828827175311744213e-04
4.573342012008652091e-04
3.425235481699928641e-04
3.692504833452403545e-04
3.361054696142673492e-04
4.125273553654551506e-04
3.091418475378304720e-04
3.388255863683298230e-04
4.558581422315910459e-04
3.154707083012908697e-04
3.489731025183573365e-04
3.758637321880087256e-04
2.951541828224435449e-04
3.072650724789127707e-04
3.289266023784875870e-04
3.972909471485763788e-04
4.208829341223463416e-04
3.662846866063773632e-04
3.783112042583525181e-04
4.066936962772160769e-04
3.700427914736792445e-04
3.743040288100019097e-04
3.767773305298760533e-04
4.049290437251329422e-04
3.793037176365032792e-04
3.170944983139634132e-04
3.231722366763278842e-04
3.210221620975062251e-04
3.118144086329266429e-04
3.481602470856159925e-04
3.994100843556225300e-04
3.354709333507344127e-04
3.703506808960810304e-04
3.536051663104444742e-04
3.924353950424119830e-04
3.427594492677599192e-04
3.506339126033708453e-04
3.958036104450002313e-04
4.126696585444733500e-04
3.529638488544151187e-04
2.953406074084341526e-04
2.829798540915362537e-04
3.720165259437635541e-04
3.130834229523316026e-04
3.423143061809241772e-04
3.404052986297756433e-04
3.199537313776090741e-04
3.566130762919783592e-04
3.060656017623841763e-04
2.963673032354563475e-04
3.001035947818309069e-04
2.882655826397240162e-04
3.044324694201350212e-04
3.233422612538561225e-04
3.102386108366772532e-04
4.191733605694025755e-04
3.256130148656666279e-04
3.056962013943120837e-04
3.668668650789186358e-04
3.014659305335953832e-04
3.108097298536449671e-04
2.754513843683525920e-04
3.226579428883269429e-04
3.332904016133397818e-04
3.565020888345316052e-04
3.312974004074931145e-04
2.809988654917106032e-04
3.374495281605049968e-04
2.925127919297665358e-04
3.047082573175430298e-04
2.682478443603031337e-04
2.756161120487377048e-04
3.013409295817837119e-04
2.904839639086276293e-04
3.005040343850851059e-04
3.224333631806075573e-04
3.169899282511323690e-04
3.432051598792895675e-04
3.252122260164469481e-04
3.286562423454597592e-04
2.610322335385717452e-04
3.041966119781136513e-04
3.467243368504568934e-04
2.863087138393893838e-04
3.246746782679110765e-04
3.205334651283919811e-04
2.993270172737538815e-04
3.308532614028081298e-04
3.032396780326962471e-04
2.774682070594280958e-04
2.553971353336237371e-04
2.645123749971389771e-04
2.672558548511005938e-04
3.941462055081501603e-04
2.822796523105353117e-04
3.583150391932576895e-04
2.824302791850641370e-04
3.611486608861014247e-04
3.031351661775261164e-04
3.123013448202982545e-04
3.250156878493726254e-04
3.551423287717625499e-04
3.407290641916915774e-04
3.302029072074219584e-04
2.761362557066604495e-04
2.850552991731092334e-04
2.719967305893078446e-04
2.901105326600372791e-04
2.865082642529159784e-04
3.806213208008557558e-04
3.066822537221014500e-04
3.424355090828612447e-04
3.095224092248827219e-04
2.920586703112348914e-04
3.177529870299622416e-04
3.064233751501888037e-04
2.941196871688589454e-04
3.722544643096625805e-04
3.654675529105588794e-04
3.181485371896997094e-04
2.636578574310988188e-04
2.807748969644308090e-04
2.895947836805135012e-04
2.246264266432262957e-04
2.883928536903113127e-04
2.637440920807421207e-04
2.888530434574931860e-04
3.465243498794734478e-04
3.334205102873966098e-04
3.104273782810196280e-04
2.821311500156298280e-04
2.627493086038157344e-04
2.780396171147003770e-04
2.100544152199290693e-04
2.849721349775791168e-04
2.721433265833184123e-04
3.261655219830572605e-04
2.824858529493212700e-04
2.571761942817829549e-04
2.603256070869974792e-04
2.965946478070691228e-04
2.440606403979472816e-04
2.731997301452793181e-04
2.857198414858430624e-04
2.768730628304183483e-04
2.843342517735436559e-04
2.777589688776060939e-04
3.354739601491019130e-04
3.380525013199076056e-04
3.115215367870405316e-04
3.030601947102695704e-04
2.914272627094760537e-04
2.934057993115857244e-04
2.662364640855230391e-04
3.778662212425842881e-04
2.927392197307199240e-04
3.479238366708159447e-04
2.808618301060050726e-04
3.021608863491564989e-04
3.233570896554738283e-04
3.254522453062236309e-04
3.229664434911683202e-04
3.019892174052074552e-04
3.787651949096471071e-04
3.459204453974962234e-04
2.782888332149013877e-04
3.062066825805231929e-04
2.892393385991454124e-04
2.935375960078090429e-04
2.935170487035065889e-04
2.788501005852594972e-04
2.931906637968495488e-04
2.552666555857285857e-04
2.710786793613806367e-04
2.888119197450578213e-04
2.886507136281579733e-04
4.173408524366095662e-04
2.618252256070263684e-04
2.316480531590059400e-04
2.598434293759055436e-04
2.777625195449218154e-04
3.011033259099349380e-04
2.452490225550718606e-04
2.758285991149023175e-04
2.619414080982096493e-04
2.533436563680879772e-04
2.701588091440498829e-04
2.381446684012189507e-04
3.092978731729090214e-04
3.037761489395052195e-04
3.394121449673548341e-04
2.924696018453687429e-04
2.588891875348053873e-04
2.918226964538916945e-04
2.893290802603587508e-04
2.823429967975243926e-04
